7
11
0.000000e+00 0.000000e+00 -1.650000e+00
1.376382e+00 2.774343e-10 -1.650000e+00
1.376382e+00 1.000000e+00 -1.650000e+00
4.253254e-01 1.309017e+00 -1.650000e+00
-5.257311e-01 1.618034e+00 -1.650000e+00
-1.113516e+00 8.090170e-01 -1.650000e+00
-1.701302e+00 1.110223e-16 -1.650000e+00
-1.113516e+00 -8.090170e-01 -1.650000e+00
-5.257311e-01 -1.618034e+00 -1.650000e+00
4.253254e-01 -1.309017e+00 -1.650000e+00
1.376382e+00 -1.000000e+00 -1.650000e+00
0.000000e+00 -1.650000e+00 -1.650000e+00
5
6.881910e-01 5.000000e-01 -1.100000e+00
-2.628656e-01 8.090170e-01 -1.100000e+00
-8.506508e-01 0.000000e+00 -1.100000e+00
-2.628656e-01 -8.090170e-01 -1.100000e+00
6.881910e-01 -5.000000e-01 -1.100000e+00
0.000000e+00 -1.100000e+00 -1.100000e+00
11
0.000000e+00 0.000000e+00 -5.500000e-01
1.538842e+00 5.000000e-01 -5.500000e-01
9.510565e-01 1.309017e+00 -5.500000e-01
1.110223e-16 1.618034e+00 -5.500000e-01
-9.510565e-01 1.309017e+00 -5.500000e-01
-1.538842e+00 5.000000e-01 -5.500000e-01
-1.538842e+00 -5.000000e-01 -5.500000e-01
-9.510565e-01 -1.309017e+00 -5.500000e-01
-1.110223e-16 -1.618034e+00 -5.500000e-01
9.510565e-01 -1.309017e+00 -5.500000e-01
1.538842e+00 -5.000000e-01 -5.500000e-01
0.000000e+00 -5.500000e-01 -5.500000e-01
5
8.506508e-01 0.000000e+00 0.000000e+00
2.628656e-01 8.090170e-01 0.000000e+00
-6.881910e-01 5.000000e-01 0.000000e+00
-6.881910e-01 -5.000000e-01 0.000000e+00
2.628656e-01 -8.090170e-01 0.000000e+00
0.000000e+00 0.000000e+00 0.000000e+00
11
0.000000e+00 0.000000e+00 5.500000e-01
1.701302e+00 0.000000e+00 5.500000e-01
1.113516e+00 8.090170e-01 5.500000e-01
5.257311e-01 1.618034e+00 5.500000e-01
-4.253254e-01 1.309017e+00 5.500000e-01
-1.376382e+00 1.000000e+00 5.500000e-01
-1.376382e+00 0.000000e+00 5.500000e-01
-1.376382e+00 -1.000000e+00 5.500000e-01
-4.253254e-01 -1.309017e+00 5.500000e-01
5.257311e-01 -1.618034e+00 5.500000e-01
1.113516e+00 -8.090170e-01 5.500000e-01
0.000000e+00 5.500000e-01 5.500000e-01
5
8.506508e-01 0.000000e+00 1.100000e+00
2.628656e-01 8.090170e-01 1.100000e+00
-6.881910e-01 5.000000e-01 1.100000e+00
-6.881910e-01 -5.000000e-01 1.100000e+00
2.628656e-01 -8.090170e-01 1.100000e+00
0.000000e+00 1.100000e+00 1.100000e+00
1
0.000000e+00 0.000000e+00 1.650000e+00
0.000000e+00 1.650000e+00 1.650000e+00
0
0
0
0
0
0
0
0
0
0
0
0
0
0
0
0
1
0
0
0
0
0
0
0
0
0
0
0
0
0
0
0
1
0
0
0
0
0
0
0
0
0
0
0
0
0
0
0
0

